625	400	0
0	196	0
400	9	0
529	784	0
1369	2209	0
3721	2704	0
3844	2304	0
2025	1936	0
1600	1600	0
1521	729	0
225	196	0
81	36	0
121	0	0
144	64	0
1089	225	0
1681	225	0
361	100	0
16	16	0
49	9	0
16	196	0
841	576	0
1369	1024	0
961	1369	0
1521	1369	0
2209	961	0
961	576	0
144	400	0
289	196	0
289	9	0
4	9	0
144	36	0
1	49	0
16	100	0
324	100	0
36	16	0
361	16	0
256	64	0
4	121	0
49	256	0
841	441	0
676	625	0
256	729	0
484	729	0
676	529	0
144	289	0
36	144	0
324	36	0
400	1	0
25	9	0
36	49	0
400	49	0
256	36	0
1	100	0
64	256	0
324	225	0
4	121	0
81	100	0
49	144	0
324	121	0
1	81	0
49	121	0
121	225	0
484	256	0
196	196	0
225	169	0
576	144	0
289	144	0
36	144	0
225	169	0
625	81	0
121	49	0
4	100	0
9	81	0
25	4	0
36	0	0
1	25	0
400	169	0
625	225	0
64	169	0
144	289	0
961	400	0
676	441	0
100	441	0
144	324	0
484	144	0
100	49	0
9	36	0
9	25	0
100	0	0
9	9	0
49	4	0
121	0	0
324	9	0
36	64	0
64	256	0
529	256	0
256	169	0
9	169	0
324	400	0
1225	676	0
441	676	0
1	400	0
64	144	0
169	16	0
4	1	0
100	9	0
1	25	0
25	16	0
0	4	0
36	100	0
529	196	0
625	361	0
484	784	0
1089	1296	0
1936	1225	0
1156	961	0
400	676	0
324	324	0
144	36	0
25	0	0
100	1	0
1	4	0
16	25	0
400	64	0
289	64	0
9	64	0
64	1	0
4	169	0
256	676	0
1156	1024	0
1024	1024	0
676	1296	0
1521	1444	0
1681	1024	0
289	484	0
4	196	0
100	16	0
49	25	0
169	81	0
225	81	0
9	100	0
81	144	0
441	81	0
25	0	0
400	100	0
625	484	0
729	1089	0
1764	1444	0
2116	1369	0
625	1024	0
36	484	0
144	169	0
169	64	0
0	25	0
1	0	0
64	49	0
9	169	0
81	121	0
1	16	0
169	0	0
121	36	0
64	324	0
625	841	0
1089	1296	0
324	1600	0
225	1444	0
900	784	0
784	441	0
25	256	0
16	49	0
16	0	0
16	49	0
324	144	0
36	196	0
100	144	0
9	9	0
1	81	0
361	289	0
961	400	0
529	729	0
576	1156	0
1521	1369	0
1089	841	0
121	400	0
144	225	0
576	64	0
49	0	0
289	36	0
121	64	0
0	121	0
121	100	0
324	25	0
0	1	0
225	81	0
144	256	0
225	484	0
1156	676	0
1521	961	0
676	1225	0
676	1156	0
1521	676	0
1024	256	0
121	121	0
49	64	0
36	0	0
256	64	0
961	100	0
196	49	0
0	9	0
81	1	0
16	100	0
361	361	0
961	676	0
676	1024	0
1156	1089	0
2116	841	0
1225	625	0
324	484	0
400	289	0
484	36	0
4	0	0
121	1	0
16	9	0
1	64	0
169	64	0
100	1	0
100	49	0
196	121	0
25	225	0
256	441	0
1521	676	0
1089	729	0
324	676	0
484	484	0
841	256	0
144	169	0
16	121	0
0	25	0
1	0	0
121	4	0
64	4	0
169	25	0
324	36	0
36	4	0
169	196	0
1024	361	0
961	441	0
400	625	0
576	729	0
576	441	0
0	225	0
121	169	0
16	121	0
36	16	0
196	9	0
225	0	0
64	25	0
400	64	0
169	81	0
400	144	0
484	169	0
49	256	0
441	324	0
144	196	0
1936	81	0
1156	81	0
64	256	0
1	441	0
1	121	0
0	1	0
144	4	0
2304	81	0
2704	324	0
25	400	0
676	289	0
64	100	0
25	9	0
1	0	0
144	1	0
1089	100	0
289	484	0
361	625	0
81	256	0
841	100	0
1089	400	0
289	729	0
9	144	0
9	64	0
169	225	0
1089	196	0
3721	64	0
3600	1	0
676	225	0
225	961	0
1225	1225	0
0	625	0
7225	121	0
7744	0	0
49	0	0
3025	169	0
6084	784	0
3481	729	0
400	361	0
144	256	0
400	361	0
49	289	0
841	64	0
3364	0	0
4	0	0
9216	36	0
10816	256	0
1296	625	0
484	324	0
2116	0	0
3844	1	0
121	36	0
7569	144	0
14641	225	0
5476	529	0
25	576	0
169	196	0
324	324	0
1089	529	0
169	169	0
400	16	0
1764	25	0
841	169	0
81	64	0
1444	64	0
49	196	0
1764	64	0
3481	64	0
8100	400	0
11236	64	0
676	625	0
7056	1936	0
7225	1849	0
625	841	0
625	289	0
3969	441	0
4489	625	0
1600	484	0
441	576	0
361	625	0
64	576	0
100	361	0
441	16	0
9604	36	0
12996	36	0
2401	144	0
625	324	0
2916	169	0
2025	4	0
400	0	0
4	16	0
144	144	0
961	16	0
4	121	0
676	576	0
121	784	0
49	576	0
100	729	0
676	1225	0
441	1089	0
625	400	0
625	64	0
4	49	0
49	121	0
784	49	0
3025	64	0
841	81	0
36	1	0
100	4	0
0	1	0
729	4	0
484	144	0
1	324	0
16	484	0
16	529	0
121	49	0
324	0	0
9	144	0
9	729	0
1089	676	0
3481	169	0
1521	169	0
225	441	0
289	441	0
196	441	0
25	900	0
81	1521	0
1764	441	0
1521	36	0
256	196	0
16	144	0
225	225	0
4	49	0
361	144	0
676	324	0
576	36	0
25	49	0
289	576	0
25	529	1
16	144	1
0	484	1
144	1089	1
1024	625	1
2704	400	1
4096	676	1
3136	289	1
729	25	1
16	289	1
81	64	1
441	0	1
100	0	1
196	64	1
289	400	1
1	324	1
1	81	1
900	100	1
1600	169	1
484	4	1
25	4	1
841	625	1
1156	1024	1
961	225	1
529	49	1
4	144	1
100	289	1
49	196	1
784	81	1
1764	100	1
2304	0	1
121	121	1
900	16	1
625	400	1
49	144	1
441	0	1
1600	16	1
361	0	1
484	196	1
1024	676	1
484	484	1
1225	144	1
1521	225	1
9	676	1
169	961	1
169	289	1
1521	9	1
625	25	1
4	25	1
576	4	1
2401	4	1
1296	9	1
361	25	1
324	16	1
0	9	1
676	25	1
81	25	1
81	1	1
0	9	1
169	256	1
2401	784	1
2401	1225	1
484	841	1
196	144	1
1024	0	1
961	4	1
25	225	1
324	361	1
1	144	1
361	196	1
400	529	1
256	625	1
25	144	1
196	1	1
64	9	1
841	4	1
2500	0	1
529	196	1
81	400	1
100	4	1
400	36	1
961	9	1
100	64	1
361	144	1
484	361	1
169	961	1
324	1444	1
324	1089	1
0	1024	1
1	841	1
576	144	1
676	4	1
100	0	1
256	25	1
2025	16	1
324	81	1
900	400	1
3721	196	1
5184	36	1
2916	25	1
1849	289	1
1936	484	1
324	36	1
529	9	1
729	256	1
289	441	1
2209	256	1
576	225	1
49	256	1
64	36	1
625	9	1
3136	1	1
289	4	1
784	0	1
400	9	1
576	64	1
5476	0	1
5476	16	1
36	25	1
1156	289	1
400	324	1
121	196	1
324	400	1
36	400	1
1296	1	1
289	25	1
225	289	1
400	676	1
121	225	1
49	81	1
4	256	1
81	196	1
324	121	1
289	441	1
529	576	1
1369	121	1
1296	36	1
81	196	1
1	169	1
529	25	1
729	144	1
225	900	1
784	1369	1
1225	441	1
9	16	1
900	1	1
400	0	1
144	1	1
1681	144	1
1369	576	1
400	484	1
1849	169	1
0	64	1
289	9	1
729	1	1
3721	0	1
5041	36	1
8100	64	1
7225	100	1
1369	225	1
100	225	1
289	9	1
9	36	1
729	36	1
400	289	1
25	25	1
1296	16	1
4225	81	1
1369	529	1
0	400	1
9	324	1
36	484	1
2025	225	1
4096	64	1
676	100	1
64	225	1
100	100	1
2025	0	1
1764	9	1
1225	81	1
2025	1	1
841	1	1
225	64	1
961	225	1
0	100	1
676	64	1
841	169	1
1225	64	1
400	4	1
1156	225	1
3025	729	1
121	289	1
289	100	1
49	576	1
121	1296	1
1369	841	1
4489	625	1
2500	841	1
1849	625	1
3136	100	1
1764	1	1
225	0	1
484	4	1
900	144	1
1	121	1
529	4	1
169	1	1
529	4	1
2025	4	1
529	289	1
676	625	1
1444	576	1
484	676	1
961	676	1
2809	324	1
676	49	1
784	25	1
1681	1	1
529	0	1
121	441	1
81	1600	1
1849	841	1
2209	81	1
289	36	1
16	64	1
441	0	1
441	36	1
1	9	1
4	169	1
484	64	1
100	0	1
4	64	1
324	144	1
784	16	1
4	49	1
196	256	1
441	196	1
1089	144	1
0	289	1
256	196	1
100	25	1
324	81	1
529	361	1
16	169	1
64	0	1
1	4	1
1	256	1
841	196	1
1681	0	1
400	0	1
625	169	1
3136	324	1
3844	361	1
1521	1089	1
225	1369	1
64	361	1
9	9	1
144	0	1
36	16	1
841	144	1
1444	16	1
1089	169	1
1089	625	1
1225	729	1
196	729	1
25	676	1
144	196	1
1444	16	1
1024	529	1
81	3844	1
169	6889	1
841	5929	1
1156	6241	1
961	7056	1
441	3969	1
100	1444	1
49	400	1
81	16	1
289	64	1
841	121	1
225	36	1
400	1	1
784	1	1
484	1	1
1225	25	1
2401	289	1
2209	529	1
1024	169	1
729	25	1
1225	100	1
676	225	1
324	36	1
900	1	1
1521	0	1
289	361	1
289	1521	1
484	576	1
25	196	1
100	1681	1
256	2304	1
4	1681	1
25	841	1
121	100	1
196	9	1
1936	121	1
2500	676	1
1849	900	1
1225	144	1
289	64	1
4	121	1
64	1	1
25	1	1
169	16	1
25	4	1
81	49	1
529	121	1
25	49	1
1225	49	1
1024	144	1
225	81	1
900	9	1
256	49	1
529	81	1
1936	0	1
1849	1	1
961	121	1
676	144	1
100	121	1
441	324	1
1600	676	1
841	729	1
49	625	1
9	1156	1
576	1600	1
2704	841	1
1849	225	1
576	196	1
676	100	1
169	16	1
225	100	1
361	0	1
100	225	1
529	529	1
0	961	1
49	1444	1
196	1369	1
1024	784	1
1225	529	1
1156	484	1
1089	441	1
49	576	1
100	729	1
256	361	1
1444	0	1
121	100	1
676	4	1
256	1	1
196	0	1
144	0	1
0	81	1
16	256	1
16	400	1
289	484	1
25	400	1
144	256	1
400	196	1
256	289	1
256	289	1
676	36	1
400	0	1
64	9	1
196	16	1
529	169	1
1	36	1
324	9	1
49	0	1
961	16	1
400	100	1
625	676	1
1936	576	1
1936	484	1
576	1089	1
1	1024	1
121	289	1
225	196	1
289	324	1
0	100	1
256	1	1
9	49	1
1	169	1
1024	81	1
2116	121	1
484	400	1
16	289	1
100	64	1
361	144	1
900	676	1
2704	841	1
3249	400	1
841	169	1
9	289	1
121	256	1
1	16	1
25	16	1
49	121	1
64	49	1
4	1	1
81	4	1
25	64	1
784	81	1
900	144	1
9	256	1
1089	196	1
676	100	1
169	64	1
0	100	1
625	25	1
1225	1	1
625	81	1
729	361	1
1089	225	1
49	64	1
529	169	1
225	576	1
36	625	1
9	484	1
121	196	1
484	16	1
1521	36	1
16	64	1
1296	1	1
784	1	1
169	36	1
441	324	1
81	400	1
0	36	1
289	1	1
196	36	1
1225	256	1
7225	169	1
7744	196	1
5184	361	1
2601	81	1
729	9	1
121	0	1
9	289	1
576	784	1
2209	576	1
961	400	1
0	529	1
121	225	1
36	16	1
36	36	1
1089	81	1
2500	49	1
961	81	1
64	169	1
676	196	1
1521	64	1
36	16	1
625	64	1
1089	36	1
2601	4	1
1764	81	1
36	361	1
1849	400	1
2601	289	1
1764	441	1
676	576	1
256	484	1
0	484	1
100	400	1
81	100	1
784	1	1
25	9	1
400	36	1
576	100	1
729	49	1
625	81	1
16	121	1
1764	49	1
1225	49	1
9	196	1
64	256	1
900	81	1
361	36	1
49	144	1
0	144	1
625	49	1
841	25	1
256	121	1
196	121	1
196	25	1
1	81	1
4	256	1
64	100	1
121	0	1
9	4	1
1	100	1
441	144	1
961	169	1
961	324	1
2209	361	1
2704	225	1
1089	576	1
196	961	1
196	441	1
529	64	1
576	49	1
289	81	1
9	4	1
361	16	1
400	0	1
625	100	1
4356	289	1
2601	361	1
256	529	1
16	441	1
9	225	1
900	225	1
1444	289	1
324	121	1
196	64	1
1225	256	1
361	441	1
676	100	1
1849	4	1
1089	0	1
676	16	1
676	9	1
324	36	1
361	25	1
1521	256	1
1225	169	1
121	196	1
2500	324	1
1369	169	1
289	49	1
961	144	1
1296	324	1
16	256	1
729	144	1
529	225	1
576	225	1
1369	64	1
1225	25	1
676	81	1
676	81	1
625	16	1
169	64	1
49	361	1
121	441	1
36	225	1
484	225	1
1024	169	1
0	36	1
784	0	1
324	16	1
0	100	1
729	196	1
3249	441	1
2304	676	1
1444	400	1
1024	81	1
361	49	1
25	81	1
9	16	1
1	1	1
49	25	1
1	324	1
361	256	1
16	4	1
441	4	1
121	121	1
441	144	1
900	225	1
225	289	1
361	25	1
529	36	1
9	25	1
289	9	1
169	81	1
1444	64	1
576	121	1
225	196	1
49	81	1
900	36	1
1296	324	1
9	676	1
676	400	1
576	400	1
144	676	1
9	441	1
16	100	1
100	121	1
361	324	1
841	144	1
2025	16	1
2304	64	1
1764	25	1
2116	324	1
961	484	1
16	784	1
100	529	1
784	1	1
1225	169	1
1764	64	1
1521	4	1
400	144	1
100	484	1
1296	676	1
361	441	1
324	169	1
625	169	1
169	144	1
1	4	1
25	144	1
49	1	1
25	169	1
1089	169	1
1849	256	1
225	676	1
484	625	1
1600	256	1
3844	225	1
3721	441	1
361	289	1
1600	81	1
5776	64	1
4225	64	1
1369	81	1
25	256	1
961	441	1
529	256	1
1521	0	1
4096	100	1
64	49	1
2025	25	1
3721	36	1
3025	9	1
529	225	1
324	225	1
2916	144	1
3249	576	1
961	1089	1
169	625	1
169	225	1
49	196	1
25	196	1
289	81	1
1156	25	1
3481	100	1
5625	81	1
4096	0	1
1225	4	1
289	324	1
625	729	1
1225	841	1
324	1521	1
1	2304	1
16	841	1
144	256	1
784	3249	1
484	2916	1
0	1	1
9	1156	1
441	1156	1
100	900	1
196	900	1
225	529	1
36	324	1
324	0	1
1225	1369	1
784	1764	1
256	9	1
529	3969	1
841	12769	1
121	8836	1
0	1444	1
4	25	1
36	1296	1
324	2209	1
169	361	1
25	169	1
144	25	1
100	900	1
289	1764	1
1089	169	1
441	1089	1
289	5184	1
1369	7225	1
1600	3249	1
400	121	1
81	36	1
100	36	1
49	0	1
4	36	1
1	36	1
36	196	1
1	16	1
9	16	1
25	49	1
169	484	1
196	0	1
441	1600	1
1296	2116	1
1089	576	1
121	25	1
36	0	1
256	4	1
100	144	1
36	144	1
36	1	1
25	1	1
9	9	1
0	225	1
144	289	1
441	144	1
169	784	1
169	1849	1
1225	1600	1
1849	1444	1
676	1225	1
361	361	1
625	576	1
256	5184	1
4	5041	1
4	1156	1
49	9	1
9	529	1
324	676	1
49	2500	1
100	9216	1
64	12996	1
49	6889	1
324	729	1
576	169	1
256	729	1
225	0	1
529	841	1
361	484	1
81	144	1
169	2500	1
529	1849	1
169	64	1
9	2809	1
0	2601	1
64	144	1
0	676	1
64	1764	1
1	144	1
36	841	1
0	1444	1
81	361	1
1089	4	1
961	36	1
81	484	1
81	400	1
400	25	1
121	529	1
1	1024	1
100	1600	1
144	1296	1
49	729	1
289	324	1
36	1156	1
729	6400	1
361	4761	1
289	256	1
900	361	1
529	1849	1
9	1296	1
100	0	1
625	1089	1
121	2704	1
49	1156	1
25	1	1
400	49	1
49	16	1
9	49	1
81	4	1
100	36	1
25	25	1
49	9	1
81	1	1
225	729	1
144	2704	1
400	2809	1
1089	1024	1
784	0	1
196	441	1
225	196	1
256	144	1
1	729	1
1	400	1
289	225	1
676	729	1
100	2500	1
0	3600	1
9	2209	1
0	1296	1
4	1089	1
289	100	1
529	256	1
100	25	1
0	1	1
100	1024	1
676	2401	1
529	576	1
144	9	1
256	25	1
361	0	1
25	49	1
25	0	1
225	400	1
16	1225	1
144	625	1
4	25	2
676	961	2
400	1764	2
16	1764	2
100	900	2
400	784	2
196	1024	2
100	49	2
196	625	2
100	729	2
4	9	2
16	1225	2
784	1681	2
961	900	2
324	361	2
144	1	2
225	36	2
25	961	2
49	3136	2
1	1681	2
25	64	2
49	289	2
144	16	2
81	1849	2
484	1600	2
64	16	2
25	324	2
484	36	2
784	1936	2
441	2025	2
484	441	2
729	1	2
289	576	2
16	1156	2
49	289	2
144	81	2
4	256	2
0	961	2
81	3721	2
25	2116	2
49	16	2
0	441	2
256	576	2
121	784	2
1	361	2
121	16	2
625	196	2
441	256	2
121	4	2
256	36	2
441	0	2
121	0	2
36	16	2
361	1	2
576	9	2
25	225	2
9	841	2
144	144	2
324	4	2
1	576	2
1	3969	2
169	7056	2
49	13225	2
4	18225	2
289	8100	2
625	1369	2
121	225	2
1	0	2
169	144	2
289	529	2
25	289	2
4	4	2
144	100	2
196	1156	2
121	2809	2
256	2500	2
400	841	2
100	81	2
25	225	2
400	841	2
900	441	2
361	1	2
64	100	2
121	25	2
49	900	2
49	2809	2
25	1089	2
144	1156	2
225	3600	2
0	1296	2
4	16	2
64	9	2
81	225	2
64	484	2
576	576	2
1089	576	2
256	25	2
9	25	2
144	361	2
441	2601	2
225	4225	2
256	3481	2
576	1444	2
169	961	2
36	1296	2
9	484	2
729	81	2
256	961	2
49	676	2
16	144	2
121	64	2
36	1024	2
36	841	2
484	1	2
676	529	2
64	529	2
1	961	2
169	2209	2
121	144	2
4	3721	2
0	7744	2
361	2809	2
361	676	2
36	1600	2
144	4356	2
576	4489	2
289	1296	2
16	9	2
144	324	2
225	16	2
0	36	2
0	196	2
361	841	2
529	1	2
100	2304	2
169	3364	2
400	729	2
81	0	2
25	1	2
1	196	2
100	400	2
1	1225	2
0	1681	2
225	729	2
225	4	2
0	1369	2
9	1444	2
484	324	2
484	81	2
64	16	2
121	25	2
441	169	2
121	169	2
16	0	2
1	81	2
169	576	2
64	324	2
4	36	2
100	400	2
144	196	2
9	121	2
36	1156	2
676	729	2
900	144	2
289	2116	2
225	784	2
625	81	2
484	1156	2
196	1600	2
400	2116	2
400	2809	2
4	3364	2
256	4900	2
0	5929	2
100	4624	2
0	2304	2
4	256	2
324	4	2
729	0	2
625	196	2
1089	256	2
1156	361	2
196	2116	2
1	729	2
16	1	2
289	16	2
81	64	2
9	100	2
0	9	2
1	729	2
9	1089	2
16	64	2
289	900	2
121	2500	2
9	1369	2
9	81	2
441	1	2
324	16	2
9	289	2
196	676	2
900	576	2
400	529	2
16	961	2
144	900	2
196	400	2
1	9	2
36	121	2
225	100	2
576	9	2
144	169	2
121	64	2
289	1	2
9	25	2
144	16	2
9	49	2
49	529	2
0	361	2
9	361	2
121	2601	2
400	2916	2
121	3721	2
169	5476	2
729	4096	2
625	961	2
225	1	2
289	361	2
625	576	2
324	81	2
121	36	2
441	144	2
900	256	2
256	1	2
16	576	2
169	1089	2
361	144	2
81	100	2
25	196	2
225	324	2
169	400	2
1	400	2
0	576	2
225	729	2
196	256	2
25	16	2
196	1	2
400	49	2
9	576	2
16	1369	2
81	1764	2
289	2304	2
4	1681	2
0	289	2
196	289	2
100	2916	2
49	3249	2
16	289	2
100	289	2
25	1156	2
25	2025	2
36	2704	2
576	1156	2
225	4	2
9	169	2
225	169	2
676	169	2
196	100	2
81	16	2
529	169	2
576	324	2
64	841	2
64	1089	2
729	2209	2
729	2304	2
121	441	2
225	169	2
576	225	2
81	81	2
25	1296	2
4	1089	2
36	121	2
49	484	2
64	3249	2
81	2500	2
225	361	2
25	81	2
64	16	2
529	169	2
289	900	2
9	1089	2
324	25	2
1024	625	2
361	676	2
36	225	2
324	361	2
576	1764	2
49	3249	2
16	1936	2
225	9	2
9	441	2
256	25	2
1	100	2
784	729	2
576	2704	2
36	2500	2
100	676	2
324	361	2
4	49	2
16	484	2
144	841	2
400	4	2
36	676	2
0	784	2
289	625	2
529	225	2
144	9	2
196	49	2
676	361	2
529	576	2
100	121	2
81	49	2
121	49	2
64	1	2
225	9	2
100	100	2
625	529	2
36	361	2
9	324	2
100	361	2
144	256	2
4	324	2
144	324	2
729	121	2
144	64	2
0	576	2
484	1936	2
1444	1296	2
225	256	2
4	25	2
484	36	2
361	100	2
49	25	2
4	121	2
484	144	2
81	9	2
225	64	2
9	900	2
784	841	2
121	64	2
36	169	2
144	3136	2
841	6084	2
81	2704	2
0	196	2
400	256	2
784	900	2
49	324	2
81	9	2
1296	49	2
1024	16	2
25	49	2
25	196	2
289	784	2
36	1600	2
841	2500	2
25	1764	2
324	4	2
9	1849	2
256	1936	2
169	441	2
625	1	2
49	169	2
100	196	2
841	225	2
484	100	2
16	169	2
324	961	2
1369	729	2
361	64	2
0	324	2
256	2401	2
1089	4761	2
361	4761	2
49	3600	2
256	1936	2
121	400	2
81	0	2
9	36	2
400	0	2
324	36	2
4	256	2
0	121	2
256	36	2
100	1369	2
16	3364	2
49	1764	2
400	121	2
49	36	2
0	1	2
289	0	2
676	169	2
256	361	2
256	361	2
961	121	2
841	81	2
36	784	2
16	1156	2
196	1024	2
4	289	2
400	1	2
9	49	2
225	625	2
36	841	2
9	961	2
289	900	2
324	961	2
4	900	2
0	225	2
196	9	2
225	144	2
25	4	2
484	2809	2
2209	5041	2
1296	441	2
100	625	2
144	1296	2
289	1764	2
0	1521	2
64	484	2
36	81	2
100	4	2
25	81	2
25	81	2
144	961	2
144	3721	2
0	3844	2
121	1600	2
784	576	2
361	961	2
36	784	2
289	100	2
529	961	2
49	289	2
0	16	2
256	324	2
529	1	2
64	289	2
25	25	2
196	100	2
9	36	2
289	4	2
64	36	2
169	49	2
81	1	2
0	225	2
324	1156	2
1296	2116	2
576	1296	2
100	361	2
225	144	2
361	1089	2
196	5329	2
324	8836	2
729	5625	2
529	900	2
36	100	2
25	576	2
361	576	2
289	64	2
25	64	2
25	144	2
9	900	2
25	225	2
25	49	2
196	1681	2
576	2916	2
100	1296	2
64	441	2
625	16	2
841	169	2
324	4	2
289	196	2
484	49	2
256	1089	2
49	324	2
225	25	2
529	144	2
81	676	2
9	1521	2
0	484	2
25	100	2
1	1369	2
1	2116	2
256	576	2
196	400	2
1	2025	2
49	1521	2
484	225	2
324	9	2
9	25	2
9	25	2
100	841	2
49	1444	2
9	484	2
144	16	2
225	4	2
16	144	2
0	576	2
169	361	2
324	4	2
36	25	2
81	784	2
576	441	2
400	81	2
81	169	2
169	4	2
289	676	2
25	2601	2
1	2809	2
121	1849	2
256	2116	2
9	2809	2
1	289	2
81	2916	2
196	5476	2
144	676	2
361	289	2
784	1089	2
484	1089	2
144	900	2
256	361	2
529	36	2
121	9	2
1	0	2
4	4	2
49	256	2
0	400	2
1	144	2
64	144	2
49	729	2
4	1936	2
9	2209	2
484	1369	2
484	144	2
49	121	2
64	49	2
256	16	2
144	1	2
64	36	2
289	25	2
484	4	2
36	1	2
1	0	2
289	1	2
441	0	2
64	169	2
81	900	2
361	1156	2
36	400	2
169	1	2
4	16	2
361	49	2
121	361	2
1	1681	2
49	1681	2
400	1	2
169	1764	2
64	1764	2
361	625	2
576	900	2
196	1849	2
225	2401	2
841	1936	2
529	361	2
9	196	2
4	576	2
196	1	2
121	625	2
25	2304	2
225	3721	2
361	3364	2
1	1600	2
121	400	2
4	1	2
100	484	2
4	676	2
64	9	2
576	324	2
576	225	2
169	16	2
289	169	2
441	4	2
49	400	2
1	576	2
144	0	2
484	361	2
100	289	2
25	81	2
256	1936	2
196	2401	2
1	1296	2
4	625	2
441	100	2
361	100	2
49	1089	2
256	1936	2
676	900	2
169	196	2
4	169	2
144	324	2
441	1	2
49	841	2
9	1024	2
16	49	2
49	324	2
0	361	2
25	121	2
289	1089	2
144	1024	2
4	144	2
144	361	2
729	1764	2
361	2209	2
49	1225	2
256	484	2
400	400	2
0	400	2
100	289	2
16	441	2
289	625	2
121	576	2
169	196	2
625	16	2
625	9	2
196	361	2
196	1296	2
225	841	2
4	100	2
16	4	2
81	25	2
324	625	2
81	1089	2
9	196	2
81	0	2
49	100	2
36	64	2
0	36	2
576	361	2
784	1225	2
196	2401	2
144	2304	2
400	529	2
144	49	2
1	1225	2
121	3481	2
225	441	2
0	361	2
4	441	2
361	81	2
841	1	2
144	144	2
36	441	2
361	576	2
484	225	2
100	4	2
121	1	2
400	0	2
81	4	2
9	4	2
64	144	2
289	625	2
4	484	2
64	324	2
9	400	2
169	484	2
49	676	2
49	324	2
324	1	2
256	49	2
49	225	2
169	784	2
625	289	2
256	121	2
49	441	2
361	441	2
784	625	2
289	289	2
121	81	2
256	16	2
81	49	2
81	144	2
81	1	2
121	256	2
361	900	2
36	2304	2
25	2304	2
256	900	2
81	36	2
1	9	2
324	169	2
1089	1	2
324	64	2
36	9	2
289	400	2
576	1156	2
81	1849	2
4	1936	2
169	484	2
49	196	2
49	841	2
25	64	2
625	324	2
256	441	2
0	256	2
36	841	2
196	576	2
1	1	2
25	49	2
100	1	2
361	9	2
100	0	2
49	100	2
100	4	2
9	289	2
0	676	2
324	729	2
1521	729	2
1089	324	2
289	121	2
324	484	2
361	625	2
25	0	2
1	400	2
81	784	2
225	900	2
0	961	2
25	784	2
64	9	2
169	1225	2
49	4900	2
144	6889	2
361	3249	2
100	676	2
25	484	2
225	225	2
289	9	2
4	121	2
0	729	2
196	1089	2
225	625	2
4	36	2
64	100	2
484	49	2
196	36	2
9	324	2
25	324	2
529	144	2
361	1225	2
144	289	2
361	100	2
484	961	2
49	3025	2
4	5041	2
225	4096	2
324	1296	2
25	144	2
49	16	2
441	225	2
400	1600	2
36	576	2
100	36	2
625	144	2
400	36	2
36	4	2
64	324	2
121	2116	2
16	1521	2
144	9	2
0	1225	2
25	2116	2
9	289	2
4	9	2
196	196	2
529	1849	2
256	2601	2
225	784	2
324	16	2
169	256	2
64	2500	2
484	3025	2
1089	784	2
400	64	2
81	1	2
225	1	2
144	169	2
0	784	2
9	900	2
361	484	2
289	256	2
4	529	2
1	1296	2
144	400	2
64	324	2
0	2500	2
100	3249	2
441	1444	2
169	100	2
49	64	2
400	225	2
625	484	2
144	729	2
81	441	2
400	9	2
324	441	2
16	100	2
36	49	2
256	1	2
25	361	2
49	529	2
4	1	2
196	576	2
0	961	2
144	529	2
9	900	2
324	2809	2
144	4225	2
196	2809	2
676	484	2
361	64	2
16	289	2
121	0	2
625	676	2
289	1849	2
36	2209	2
225	1369	2
784	64	2
324	81	2
25	4	2
100	324	2
144	289	2
1	100	2
9	9	2
324	729	2
400	625	2
64	0	2
49	529	2
225	1225	2
121	1296	2
16	961	2
225	529	2
529	100	2
100	9	2
0	4	2
121	9	2
324	9	2
49	49	2
9	121	2
169	100	2
49	36	2
25	36	2
4	49	2
324	25	2
64	4	2
36	25	2
49	100	2
400	144	2
144	169	2
100	196	2
400	169	2
484	169	2
49	225	2
16	256	2
289	144	2
324	144	2
64	225	2
256	196	2
1296	100	2
841	36	2
64	64	2
100	100	2
289	64	2
36	36	2
1	64	2
81	100	2
100	144	2
64	196	2
100	225	2
36	225	2
81	256	2
0	256	2
81	225	2
729	169	2
361	121	2
100	81	2
729	64	2
1156	144	2
121	289	2
1	289	2
196	100	2
529	25	2
16	25	2
4	81	2
100	121	2
49	81	2
100	81	2
1	121	2
484	121	2
324	100	2
16	100	2
169	81	2
529	64	2
49	36	2
9	25	2
169	25	2
441	16	2
64	49	2
100	144	2
1089	169	2
1024	169	2
81	225	2
49	225	2
361	81	2
100	1	2
49	0	2
9	0	2
4	1	2
324	9	2
841	9	2
1	0	2
361	121	2
121	484	2
81	841	2
841	900	2
1296	784	2
676	729	2
676	676	2
1024	529	2
441	625	2
100	625	2
576	400	2
1225	169	2
289	144	2
9	196	2
196	169	2
225	64	2
1	16	2
0	49	2
324	100	2
144	100	2
81	81	2
1	169	2
841	196	2
729	144	2
196	169	2
361	196	2
576	196	2
64	196	2
16	169	2
169	64	2
529	9	2
9	16	2
25	36	2
169	9	2
361	0	2
16	9	2
25	49	2
324	81	2
9	64	2
196	100	2
9	169	2
576	196	2
49	196	2
49	169	2
81	169	2
441	144	2
25	169	2
9	169	2
361	81	2
361	36	2
49	36	2
100	36	2
361	9	2
121	16	2
9	121	2
256	196	2
784	169	2
256	169	2
36	289	2
196	400	2
169	289	2
9	196	2
0	196	2
400	169	2
400	100	2
9	100	2
25	100	2
529	64	2
289	36	2
4	49	0
64	81	0
324	81	0
25	81	0
16	121	0
169	121	0
576	121	0
81	225	0
36	361	0
676	256	0
729	121	0
49	81	0
36	100	0
441	49	0
36	16	0
225	9	0
4	25	0
289	49	0
64	100	0
0	196	0
169	289	0
400	256	0
25	289	0
0	256	0
289	144	0
441	144	0
100	256	0
324	289	0
1225	121	0
900	36	0
169	49	0
289	81	0
625	36	0
144	9	0
9	25	0
16	25	0
49	25	0
49	121	0
100	289	0
64	324	0
225	225	0
1	100	0
0	36	0
256	16	0
225	49	0
49	169	0
441	196	0
961	121	0
144	100	0
0	169	0
225	144	0
484	81	0
16	121	0
1	225	0
196	256	0
121	144	0
49	49	0
1	81	0
676	144	0
256	169	0
16	225	0
25	169	0
484	100	0
100	121	0
1	196	0
144	196	0
400	100	0
49	100	0
49	81	0
961	49	0
1156	36	0
144	121	0
100	169	0
784	100	0
484	49	0
16	100	0
100	169	0
289	169	0
4	169	0
256	169	0
9	144	0
289	121	0
0	121	0
49	121	0
121	121	0
324	144	0
49	225	0
100	225	0
529	144	0
361	121	0
121	169	0
441	144	0
961	81	0
225	100	0
4	144	0
144	121	0
225	64	0
0	64	0
1	100	0
324	121	0
196	64	0
16	49	0
4	81	0
676	144	0
441	121	0
9	144	0
121	169	0
576	144	0
196	100	0
4	121	0
225	100	0
484	81	0
25	81	0
4	144	0
484	121	0
729	81	0
25	144	0
25	256	0
676	121	0
576	49	0
36	81	0
64	169	0
225	196	0
16	121	0
324	64	0
1	49	0
256	81	0
25	169	0
4	196	0
256	169	0
289	169	0
9	225	0
36	225	0
324	121	0
169	144	0
25	225	0
289	196	0
841	81	0
196	16	0
4	36	0
121	36	0
144	0	0
1	1	0
1	169	0
400	400	0
529	361	0
36	225	0
16	144	0
289	81	0
121	81	0
0	121	0
121	169	0
625	169	0
144	169	0
1	196	0
289	121	0
676	25	0
49	36	0
1	144	0
441	144	0
729	144	0
64	144	0
64	144	0
484	100	0
64	64	0
144	144	0
9	289	0
676	289	0
100	121	0
36	49	0
81	64	0
400	121	0
16	169	0
0	144	0
225	64	0
324	81	0
49	196	0
225	196	0
1369	121	0
1024	64	0
169	121	0
169	196	0
529	144	0
144	144	0
0	225	0
64	256	0
100	121	0
49	64	0
121	81	0
49	100	0
169	100	0
1	81	0
0	64	0
441	64	0
400	81	0
36	121	0
225	144	0
729	121	0
169	144	0
1	169	0
169	169	0
361	100	0
9	81	0
0	121	0
324	121	0
256	81	0
9	81	0
9	100	0
484	121	0
100	100	0
121	81	0
9	81	0
676	121	0
256	169	0
25	196	0
324	196	0
729	144	0
121	121	0
9	100	0
225	64	0
289	64	0
9	81	0
121	121	0
1156	81	0
961	49	0
121	100	0
169	144	0
576	64	0
196	36	0
0	121	0
49	225	0
121	225	0
81	289	0
225	256	0
36	169	0
256	121	0
36	169	0
100	196	0
441	144	0
169	100	0
9	144	0
196	121	0
576	49	0
81	49	0
0	121	0
144	121	0
225	25	0
0	0	0
0	36	0
400	225	0
400	256	0
0	144	0
36	144	0
784	121	0
400	64	0
0	81	0
49	225	0
529	256	0
169	289	0
0	289	0
144	225	0
361	144	0
36	121	0
25	169	0
784	121	0
1024	64	0
121	81	0
64	144	0
784	100	0
784	25	0
81	36	0
144	121	0
324	121	0
16	100	0
441	100	0
1	121	0
169	144	0
4	196	0
121	144	0
36	121	0
196	144	0
16	196	0
81	225	0
529	100	0
289	64	0
49	81	0
361	100	0
961	64	0
361	81	0
100	144	0
441	144	0
441	49	0
1	16	0
9	25	0
169	100	0
289	196	0
1	256	0
16	256	0
484	196	0
441	196	0
16	169	0
81	121	0
441	64	0
100	81	0
0	121	0
225	121	0
625	64	0
49	100	0
0	196	0
324	196	0
484	81	0
9	64	0
25	144	0
484	169	0
64	144	0
196	144	0
4	169	0
625	196	0
16	121	0
225	64	0
49	25	0
529	16	0
25	64	0
9	121	0
676	121	0
576	121	0
16	225	0
121	196	0
961	121	0
324	64	0
1	100	0
361	100	0
1296	64	0
361	36	0
4	100	0
225	169	0
289	100	0
36	49	0
81	100	0
121	169	0
81	196	0
121	225	0
25	144	0
400	81	0
324	64	0
16	121	0
400	121	0
1089	64	0
100	64	0
16	169	0
256	121	0
576	49	0
1	36	0
64	121	0
169	169	0
64	169	0
256	225	0
0	324	0
1156	289	0
441	144	0
81	49	0
49	100	0
1225	256	0
441	400	0
16	361	0
324	196	0
784	169	0
100	144	0
64	121	0
784	81	0
676	81	0
64	169	0
289	225	0
1849	81	0
1296	49	0
169	144	0
324	256	0
729	121	0
49	49	0
81	81	0
25	121	0
64	144	0
400	361	0
576	625	0
49	484	0
289	121	0
4	16	0
16	4	0
784	9	0
361	25	0
1	49	0
400	9	0
1156	0	0
36	25	0
25	144	0
576	144	0
1089	64	0
1	100	0
64	225	0
256	256	0
1	144	0
961	121	0
25	169	0
1521	169	0
961	144	0
100	225	0
729	196	0
1089	144	0
9	289	0
441	676	0
64	576	0
400	196	0
25	36	0
4	1	0
1225	25	0
1369	121	0
25	64	0
36	4	0
1024	0	0
625	1	0
0	0	0
36	4	0
225	25	0
324	64	0
1444	100	0
16	100	0
289	100	0
64	169	0
324	225	0
121	196	0
576	225	0
100	361	0
441	441	0
1681	361	0
841	289	0
121	361	0
784	441	0
1681	361	0
225	289	0
9	289	0
196	256	0
441	121	0
0	100	0
9	169	0
841	196	0
400	81	0
121	81	0
0	196	0
1089	225	0
784	256	0
25	361	0
225	324	0
961	256	0
121	324	0
4	484	0
484	361	0
1024	169	0
4	100	0
9	64	0
676	0	0
900	0	0
9	81	0
121	196	0
961	121	0
4	25	0
1600	25	0
169	16	0
324	25	0
1	169	0
81	289	0
676	196	0
1156	169	0
0	289	0
1	361	0
1024	225	0
784	196	0
4	225	0
169	169	0
1296	16	0
324	4	0
0	36	0
441	81	0
1521	36	0
256	36	0
0	81	0
169	100	0
144	25	0
144	36	0
121	144	0
121	196	0
196	144	0
16	100	0
4	121	0
361	121	0
324	100	0
1	121	0
36	100	0
400	81	0
81	144	0
0	256	0
256	225	0
676	81	0
49	100	0
4	196	0
529	196	0
625	144	0
4	81	0
1	81	0
324	81	0
49	36	0
169	16	0
16	100	0
841	289	0
256	289	0
36	196	0
625	64	0
841	36	0
16	64	0
25	81	0
81	36	0
196	36	0
16	121	0
100	196	0
900	121	0
529	49	0
16	81	0
100	100	0
576	16	0
144	1	0
0	64	0
64	196	0
100	196	0
121	225	0
225	324	0
36	289	0
196	225	0
4	225	0
1	196	0
484	144	0
441	169	0
64	196	0
324	100	0
900	9	0
225	16	0
25	144	0
441	196	0
900	100	0
100	144	0
25	324	0
361	361	0
144	144	0
121	25	0
4	9	0
441	16	0
121	4	0
81	49	0
64	144	0
900	196	0
256	225	0
4	289	0
169	225	0
484	121	0
36	81	0
25	144	0
900	144	0
1156	100	0
121	169	0
64	256	0
676	169	0
529	81	0
16	81	0
36	81	0
121	36	0
64	49	0
361	100	0
16	144	0
441	144	0
4	144	0
25	144	0
196	144	0
324	144	0
16	225	0
49	361	0
361	225	0
196	144	0
49	100	0
529	64	0
1225	16	0
324	25	0
25	100	0
256	121	0
225	25	0
49	1	0
81	25	0
289	100	0
400	144	0
0	144	0
36	169	0
841	144	0
441	121	0
1	144	0
64	196	0
484	225	0
100	256	0
0	324	0
196	256	0
529	196	0
36	256	0
25	256	0
729	100	0
841	9	0
4	9	0
0	49	0
625	289	0
676	841	0
49	841	0
144	289	0
361	4	0
1	529	0
225	361	0
25	1	0
324	256	0
4	484	0
0	441	0
256	289	0
256	196	0
9	225	0
64	144	0
484	49	0
169	36	0
4	100	0
225	169	0
841	121	0
289	100	0
16	196	0
169	256	0
289	169	0
0	121	0
0	169	0
400	225	0
400	64	0
0	0	0
0	9	0
361	4	0
256	121	0
0	361	0
16	361	0
324	196	0
49	144	0
0	196	0
361	196	0
784	144	0
36	196	0
0	289	0
361	81	0
484	196	0
9	1156	0
64	1369	0
729	361	0
169	16	0
100	0	0
9	4	0
484	25	0
16	25	0
144	64	0
49	81	0
441	49	0
25	25	0
1	9	0
289	9	0
484	49	0
100	169	0
324	225	0
1521	100	0
1024	49	0
144	144	0
225	196	0
529	36	0
81	4	0
16	1	0
49	64	0
144	169	0
64	256	0
169	256	0
81	196	0
324	169	0
25	196	0
36	196	0
625	100	0
484	81	0
100	196	0
441	289	0
841	144	0
100	100	0
4	144	0
196	169	0
441	144	0
1	121	0
9	169	0
144	121	0
49	64	0
144	64	0
0	144	0
784	169	0
400	81	0
16	100	0
16	144	0
625	144	0
225	121	0
9	196	0
361	169	0
676	121	0
81	169	0
25	196	0
400	144	0
324	81	0
4	100	0
121	121	0
1156	49	0
900	36	0
144	81	0
225	121	0
625	81	0
121	81	0
9	121	0
36	81	0
121	49	0
100	81	0
289	196	0
25	196	0
196	169	0
25	169	0
121	144	0
529	49	0
256	16	0
25	64	0
225	121	0
625	81	0
64	100	0
0	256	0
144	324	0
196	144	0
1	81	0
1	144	0
484	169	0
289	121	0
16	100	0
9	121	0
900	121	0
676	100	0
25	169	0
49	196	0
361	144	0
100	100	0
0	81	0
169	49	0
484	49	0
49	100	0
25	169	0
676	144	0
729	100	0
49	144	0
81	289	0
841	144	0
576	25	0
9	36	0
36	144	0
196	169	0
25	196	0
361	169	0
4	169	0
256	196	0
4	196	0
100	169	0
121	144	0
400	144	0
81	144	0
169	121	0
625	49	0
361	36	0
64	81	0
441	144	0
1369	81	0
729	16	0
64	4	0
64	9	0
49	4	0
25	64	0
9	256	0
196	324	0
256	225	0
1	196	0
4	225	0
400	289	0
400	256	0
36	225	0
121	121	0
361	64	0
64	81	0
1	169	0
289	144	0
400	49	0
1	49	0
25	81	0
169	9	0
100	0	0
49	49	0
16	225	0
625	81	0
169	0	0
4	0	0
361	121	0
2116	144	0
625	64	0
16	100	0
1225	81	0
2025	4	0
9	49	0
1296	484	0
196	900	0
49	1156	0
400	1444	0
2809	784	0
5329	121	0
1936	49	0
144	64	0
400	9	0
1369	1	0
196	16	0
196	196	0
400	324	0
529	196	0
81	100	0
100	324	0
324	784	0
25	576	0
576	400	0
169	529	0
1764	169	0
400	4	0
81	16	0
484	25	0
625	361	0
144	961	0
25	625	0
289	121	0
5625	9	0
4489	25	0
676	36	0
3249	9	0
729	400	0
1296	576	0
441	169	0
11449	100	0
1369	256	0
6724	36	0
7225	144	0
1764	576	0
2116	729	0
5184	729	0
2809	841	0
2916	900	0
29929	529	0
33489	169	0
11664	49	0
625	0	0
441	16	0
729	9	0
1156	0	0
324	169	0
3136	841	0
5625	729	0
361	64	0
8836	49	0
5184	16	0
2401	4	0
3481	169	0
4225	1600	0
4225	2500	0
16	625	0
6889	81	0
7056	484	0
529	1225	0
4	729	0
0	144	0
121	64	0
3025	64	0
11664	9	0
20736	9	0
17424	100	0
9216	16	0
3721	81	0
529	100	0
1156	0	0
484	169	0
3844	441	0
10201	625	0
3364	400	0
196	0	0
2401	25	0
1521	49	0
2601	289	0
3600	400	0
900	441	0
529	729	0
3249	576	0
1681	81	0
2209	0	0
7744	1	0
784	4	0
400	1	0
81	9	0
16	81	0
121	49	0
529	64	0
3025	196	0
3600	100	0
36	81	0
1156	400	0
36	729	0
324	529	0
1764	289	0
36	225	0
3249	225	0
5776	64	0
1225	0	0
400	1	0
3364	0	0
4356	4	0
529	25	0
484	225	0
49	676	0
784	784	0
900	529	0
1369	441	1
3844	324	1
4225	144	1
1681	100	1
1089	196	1
2025	196	1
1521	64	1
64	49	1
1	121	1
1296	169	1
900	36	1
4	0	1
1	4	1
400	4	1
5041	1	1
2704	81	1
2025	529	1
9409	484	1
1600	196	1
625	121	1
1296	1	1
361	25	1
9	9	1
289	169	1
9	324	1
324	625	1
256	784	1
144	529	1
784	64	1
289	9	1
900	36	1
3969	16	1
2304	576	1
0	1089	1
121	400	1
64	1	1
841	169	1
1521	36	1
25	64	1
5625	289	1
9216	324	1
5476	361	1
2809	441	1
784	196	1
25	9	1
16	9	1
36	9	1
1369	9	1
9025	16	1
5776	1	1
289	81	1
4624	441	1
2916	576	1
400	324	1
144	36	1
324	9	1
169	100	1
2025	169	1
144	169	1
484	361	1
289	361	1
1600	121	1
4761	16	1
1936	36	1
324	324	1
144	729	1
100	676	1
256	676	1
361	484	1
2401	81	1
576	4	1
676	100	1
324	361	1
576	441	1
841	324	1
1521	100	1
6084	4	1
7225	9	1
1444	144	1
49	484	1
1225	324	1
3721	196	1
2401	289	1
4	256	1
1936	9	1
2025	16	1
625	4	1
9	25	1
169	0	1
400	0	1
16	144	1
1156	441	1
1936	529	1
361	400	1
36	225	1
4	144	1
1	100	1
9	121	1
361	81	1
900	25	1
1	4	1
784	1	1
25	0	1
1444	0	1
784	81	1
676	196	1
1225	36	1
841	1	1
0	169	1
196	729	1
64	841	1
100	676	1
49	529	1
25	361	1
484	169	1
49	81	1
324	64	1
256	36	1
121	25	1
961	81	1
729	225	1
64	144	1
225	4	1
0	16	1
441	100	1
4900	25	1
3481	16	1
196	0	1
289	49	1
2500	81	1
3364	121	1
1369	225	1
676	256	1
289	169	1
196	196	1
361	289	1
25	225	1
9	144	1
1764	196	1
1225	256	1
144	169	1
784	121	1
121	256	1
441	256	1
1600	36	1
625	1	1
1	16	1
1	0	1
36	4	1
81	16	1
324	225	1
49	441	1
361	324	1
0	256	1
4	484	1
1849	729	1
2025	529	1
0	196	1
81	36	1
144	0	1
64	1	1
0	49	1
784	81	1
3481	64	1
1936	169	1
100	256	1
1	121	1
81	4	1
1849	4	1
1849	16	1
169	0	1
2025	16	1
324	324	1
25	676	1
529	289	1
400	36	1
36	16	1
900	25	1
4225	49	1
2704	144	1
484	361	1
784	441	1
2116	324	1
1089	441	1
121	576	1
25	289	1
9	100	1
169	169	1
324	256	1
81	81	1
289	25	1
361	144	1
196	121	1
1156	0	1
1	4	1
1296	49	1
1521	144	1
484	100	1
100	121	1
121	256	1
1849	225	1
1444	144	1
81	256	1
225	400	1
1936	225	1
2209	144	1
484	196	1
144	81	1
256	25	1
0	169	1
529	324	1
121	81	1
9	1	1
196	4	1
841	36	1
9216	81	1
7744	100	1
1444	361	1
225	484	1
361	49	1
0	25	1
784	9	1
64	64	1
484	256	1
144	441	1
4	441	1
484	324	1
324	289	1
25	289	1
1444	256	1
4489	100	1
2304	36	1
100	144	1
36	144	1
16	1	1
289	16	1
900	25	1
144	144	1
0	4	1
576	0	1
1764	100	1
676	196	1
361	196	1
1444	361	1
484	576	1
529	324	1
729	169	1
36	100	1
196	1	1
1600	9	1
1024	36	1
324	484	1
2809	784	1
6084	484	1
1225	441	1
0	400	1
49	64	1
81	1	1
1681	81	1
9	225	1
4096	64	1
3481	9	1
81	144	1
196	361	1
361	121	1
2209	121	1
6241	529	1
1	361	1
4489	16	1
1849	16	1
484	49	1
2025	4	1
2304	64	1
256	1	1
196	4	1
1089	1	1
400	16	1
1	225	1
841	256	1
3025	36	1
324	16	1
676	144	1
49	196	1
64	49	1
625	225	1
961	784	1
1	625	1
64	256	1
2209	361	1
441	576	1
1681	400	1
3844	169	1
1936	121	1
676	36	1
441	16	1
0	169	1
225	196	1
169	4	1
1681	169	1
784	4	1
196	441	1
529	529	1
196	400	1
484	484	1
225	400	1
900	196	1
841	196	1
121	324	1
196	144	1
1	0	1
169	9	1
36	144	1
1296	81	1
2704	1	1
36	36	1
1369	100	1
576	16	1
64	1	1
100	100	1
256	121	1
2304	0	1
4096	0	1
4225	144	1
6400	225	1
4624	49	1
169	25	1
400	64	1
81	36	1
289	16	1
2500	196	1
1225	729	1
289	900	1
784	784	1
36	961	1
144	576	1
361	49	1
784	0	1
841	16	1
3481	25	1
5476	64	1
484	225	1
1089	400	1
576	169	1
25	36	1
121	100	1
1296	289	1
121	225	1
1	121	1
256	256	1
676	324	1
6084	81	1
3721	25	1
676	64	1
100	25	1
144	0	1
1444	49	1
1681	289	1
1	225	1
1024	49	1
121	81	1
9	324	1
2401	169	1
5776	36	1
1681	121	1
100	196	1
169	16	1
49	1	1
9	81	1
169	100	1
961	1	1
25	1	1
1225	25	1
1936	16	1
1225	25	1
1225	225	1
441	441	1
484	289	1
1225	100	1
1	121	1
1	100	1
1156	49	1
2601	121	1
1681	324	1
2401	361	1
2116	169	1
9	169	1
1225	289	1
49	121	1
1225	4	1
2025	1	1
1600	144	1
1764	484	1
144	400	1
196	441	1
225	625	1
1849	361	1
961	100	1
361	144	1
1089	100	1
2500	36	1
1089	100	1
64	256	1
0	100	1
256	1	1
1600	64	1
1296	324	1
121	169	1
1600	81	1
361	441	1
64	841	1
25	324	1
400	49	1
784	4	1
1	0	1
100	1	1
144	0	1
256	1	1
625	1	1
2304	9	1
400	144	1
16	289	1
49	144	1
4	100	1
49	441	1
1849	529	1
3844	169	1
1681	121	1
1	441	1
225	324	1
196	0	1
625	100	1
961	1	1
9	1	1
1089	9	1
1296	4	1
100	196	1
64	361	1
1	256	1
441	196	1
1156	196	1
1521	121	1
441	225	1
64	841	1
1296	961	1
3364	361	1
676	49	1
289	49	1
484	25	1
16	36	1
9	256	1
576	625	1
2025	529	1
676	256	1
121	225	1
196	169	1
49	4	1
169	361	1
64	225	1
196	9	1
1	16	1
324	324	1
169	784	1
2304	529	1
6889	225	1
3249	169	1
484	144	1
100	49	1
49	100	1
441	361	1
2025	484	1
100	81	1
2304	0	1
1764	49	1
529	100	1
2916	1	1
576	1	1
1024	100	1
4096	196	1
625	324	1
2209	961	1
3481	1089	1
4	400	1
2116	121	1
5041	400	1
7056	784	1
5184	324	1
529	16	1
225	0	1
25	4	1
676	64	1
100	0	1
324	225	1
3600	289	1
4624	100	1
49	169	1
1849	289	1
625	196	1
81	9	1
784	4	1
289	4	1
256	49	1
0	49	1
1444	36	1
625	49	1
49	64	1
576	256	1
1444	529	1
3721	324	1
5184	144	1
400	144	1
1089	121	1
121	49	1
484	25	1
1089	144	1
3025	169	1
5776	64	1
5041	16	1
1936	100	1
784	256	1
529	324	1
324	529	1
3969	576	1
1764	225	1
441	36	1
3364	9	1
3364	25	1
9	16	1
676	9	1
9	81	1
16	81	1
144	1	1
529	25	1
196	324	1
289	484	1
729	324	1
324	441	1
16	324	1
121	25	1
676	1	1
625	36	1
2304	256	1
6241	324	1
3249	225	1
225	289	1
169	324	1
1764	81	1
1681	16	1
144	64	1
36	36	1
9	9	1
576	9	1
2116	1	1
1764	4	1
961	121	1
841	576	1
400	484	1
16	25	1
1	4	1
81	81	1
841	361	1
1936	196	1
841	256	1
196	441	1
169	196	1
64	25	1
1764	64	1
1681	121	1
1	64	1
1444	49	1
1600	361	1
1681	900	1
3025	729	1
2704	324	1
729	144	1
36	64	1
121	16	1
1444	36	1
1600	49	1
484	4	1
81	196	1
841	49	1
4356	121	1
1681	289	1
144	81	1
9	121	1
841	400	1
4624	361	1
4900	256	1
2601	400	1
2401	324	1
3025	81	1
1444	81	1
1	225	1
324	144	1
196	25	1
121	25	1
529	81	1
4624	121	1
3721	144	1
784	289	1
784	441	1
1764	121	1
484	9	1
49	64	1
1	121	1
256	36	1
1	121	1
729	441	1
289	441	1
16	225	1
729	169	1
2704	121	1
2209	25	1
1681	1	1
1681	16	1
256	16	1
289	4	1
676	81	1
361	441	1
900	441	1
2025	64	1
841	0	1
121	9	1
441	64	1
841	9	1
144	16	1
4	144	1
196	225	1
144	144	1
64	324	1
81	576	1
196	400	1
324	256	1
121	441	1
625	400	1
1764	81	1
784	36	1
169	9	1
529	64	1
961	529	1
81	729	1
16	324	1
169	16	1
529	196	1
121	3025	1
121	10000	1
289	11881	1
1	10000	1
441	6400	1
1	1600	1
676	0	1
121	1024	1
49	961	1
64	289	1
324	2809	1
64	1369	1
225	36	1
1225	1225	1
961	900	1
16	400	1
9	81	1
400	25	1
289	1369	1
64	3136	1
529	484	1
1521	0	1
625	64	1
64	36	1
225	4	1
225	324	1
100	1024	1
625	676	1
36	100	1
36	100	1
49	1089	1
9	2601	1
441	1089	1
625	121	1
196	3025	1
484	4356	1
784	1444	1
100	121	1
0	36	1
400	729	1
784	2025	1
16	3721	1
36	3481	1
25	1156	1
0	225	1
361	81	1
25	441	1
576	1	1
289	1089	1
1	2500	1
169	2304	1
1156	1681	1
225	529	1
9	144	1
169	784	1
676	225	1
64	0	1
16	1	1
49	676	1
225	1089	1
121	9	1
729	529	1
2704	225	1
1296	441	1
25	2601	1
169	6084	1
1089	6400	1
484	4356	1
36	2704	1
256	361	1
361	100	1
4	1	1
144	2500	1
16	6561	1
25	6241	1
121	3025	1
36	121	1
289	256	1
324	256	1
25	16	1
121	25	1
441	841	1
25	2209	1
0	441	1
576	361	1
841	9	1
16	2116	1
0	4624	1
289	4225	1
121	2116	1
169	441	1
4	4	1
484	784	1
225	3600	1
9	4761	1
36	1764	1
361	4	1
16	1225	1
49	1764	1
121	36	1
676	676	1
225	900	1
324	900	1
2116	2809	1
2401	6889	1
324	5776	1
25	1681	1
324	100	1
225	1936	1
4	121	1
49	1444	1
81	2025	1
225	576	1
784	1	1
4	49	1
324	49	1
25	1444	1
0	1369	1
361	100	1
676	25	1
256	841	1
361	2601	1
676	1600	1
169	484	1
4	529	1
64	361	1
576	36	2
100	100	2
0	625	2
289	289	2
289	100	2
9	576	2
1	144	2
441	36	2
625	169	2
81	441	2
121	361	2
841	225	2
324	441	2
25	729	2
0	289	2
225	25	2
16	0	2
16	121	2
121	400	2
529	529	2
81	1521	2
64	1936	2
1089	169	2
1296	256	2
121	81	2
121	225	2
676	1225	2
49	2209	2
256	1225	2
0	64	2
256	16	2
4	25	2
289	225	2
1	676	2
256	3969	2
49	6889	2
25	1156	2
400	784	2
441	1681	2
100	81	2
225	729	2
729	1849	2
400	1024	2
225	400	2
900	196	2
1521	49	2
484	36	2
121	144	2
400	49	2
324	256	2
9	2209	2
64	3249	2
25	169	2
1	2304	2
169	4761	2
36	2209	2
144	4	2
121	441	2
4	16	2
225	324	2
729	400	2
121	484	2
25	576	2
625	49	2
841	25	2
36	100	2
4	289	2
289	4	2
36	0	2
256	400	2
16	484	2
324	4	2
25	36	2
144	289	2
100	1024	2
1024	100	2
256	4	2
36	625	2
441	2500	2
529	1156	2
16	49	2
1	121	2
256	196	2
196	16	2
9	324	2
121	529	2
729	81	2
441	676	2
196	256	2
784	64	2
1089	16	2
196	1	2
9	196	2
196	784	2
225	1369	2
49	1521	2
144	1225	2
36	361	2
144	9	2
1	400	2
121	400	2
784	25	2
361	784	2
16	1024	2
256	1521	2
841	1369	2
121	225	2
0	64	2
196	400	2
225	225	2
25	16	2
4	64	2
361	225	2
64	25	2
196	361	2
4	1936	2
841	3844	2
256	4624	2
64	1764	2
49	169	2
784	169	2
256	625	2
16	961	2
256	676	2
361	36	2
9	49	2
81	4	2
1225	9	2
1296	9	2
169	81	2
256	64	2
841	25	2
196	484	2
9	1849	2
16	1296	2
16	256	2
289	169	2
441	1600	2
9	2601	2
81	1521	2
49	196	2
0	49	2
729	289	2
676	169	2
144	49	2
576	64	2
1156	196	2
225	1369	2
16	3364	2
441	4489	2
961	3721	2
81	961	2
16	81	2
100	729	2
196	729	2
0	256	2
81	1	2
841	169	2
225	484	2
225	729	2
36	784	2
324	729	2
64	529	2
4	625	2
324	576	2
625	361	2
4	729	2
36	841	2
484	16	2
784	2116	2
121	1681	2
361	1	2
1936	1764	2
1369	3481	2
64	1369	2
25	0	2
361	16	2
25	361	2
144	576	2
4	0	2
225	1024	2
25	3249	2
144	2601	2
169	225	2
729	196	2
289	441	2
324	196	2
529	121	2
121	676	2
0	2304	2
196	3136	2
625	2116	2
9	625	2
225	9	2
0	0	2
100	49	2
1	144	2
64	256	2
1024	100	2
784	1	2
16	16	2
36	16	2
676	0	2
400	400	2
4	1849	2
100	2025	2
625	400	2
64	121	2
49	676	2
81	196	2
484	25	2
64	784	2
25	1849	2
676	225	2
729	784	2
49	900	2
4	169	2
121	36	2
25	36	2
36	441	2
1	361	2
169	16	2
0	25	2
100	784	2
144	2401	2
484	1936	2
1	400	2
64	16	2
144	49	2
484	484	2
225	1369	2
400	676	2
1089	1	2
729	225	2
289	25	2
900	81	2
1936	400	2
729	900	2
121	961	2
324	729	2
144	196	2
121	0	2
100	9	2
196	144	2
196	484	2
49	484	2
36	16	2
289	625	2
196	1849	2
1	1849	2
144	1444	2
676	1681	2
49	1225	2
16	169	2
289	0	2
729	49	2
36	1225	2
25	2916	2
961	529	2
841	784	2
16	1089	2
100	25	2
625	1444	2
0	2500	2
529	1369	2
0	9	2
484	625	2
4	49	2
196	36	2
9	4	2
196	36	2
0	9	2
4	100	2
400	64	2
361	0	2
121	81	2
576	841	2
1600	400	2
576	0	2
36	4	2
196	25	2
361	49	2
16	9	2
1	225	2
256	225	2
81	36	2
324	4	2
289	16	2
169	9	2
324	9	2
4	9	2
16	289	2
625	289	2
400	484	2
100	1369	2
484	1225	2
900	324	2
121	121	2
25	9	2
729	441	2
1089	484	2
64	16	2
16	400	2
484	0	2
100	676	2
121	196	2
9	169	2
484	169	2
25	49	2
144	169	2
36	49	2
441	1521	2
16	4900	2
0	6400	2
484	4900	2
1089	3481	2
169	784	2
49	196	2
400	400	2
324	16	2
100	1296	2
484	1521	2
1225	4	2
361	841	2
1	784	2
81	100	2
196	25	2
4	324	2
9	625	2
144	400	2
169	256	2
25	484	2
16	625	2
225	324	2
225	256	2
9	1369	2
196	3364	2
900	1296	2
324	1	2
4	0	2
289	4	2
784	16	2
64	0	2
1	81	2
169	25	2
36	9	2
256	64	2
64	49	2
324	4	2
81	1	2
256	81	2
4	441	2
576	961	2
289	324	2
36	1	2
400	64	2
676	196	2
25	361	2
0	144	2
361	49	2
484	16	2
100	289	2
324	1024	2
1521	625	2
1089	289	2
289	576	2
484	900	2
1089	529	2
324	196	2
16	196	2
256	400	2
361	576	2
144	729	2
784	1024	2
25	1225	2
25	625	2
64	121	2
36	1	2
169	0	2
225	289	2
81	841	2
529	49	2
1156	529	2
361	1089	2
64	1024	2
441	441	2
576	0	2
0	324	2
25	676	2
169	576	2
81	121	2
121	64	2
25	256	2
1369	64	2
676	196	2
4	576	2
100	36	2
484	576	2
9	2116	2
36	2304	2
196	1521	2
289	2025	2
16	3249	2
0	2401	2
961	900	2
1369	256	2
225	361	2
169	576	2
729	25	2
441	576	2
25	1444	2
169	961	2
576	121	2
4	100	2
225	484	2
9	484	2
289	441	2
9	841	2
169	900	2
36	441	2
289	225	2
100	25	2
169	81	2
576	441	2
256	225	2
4	4	2
169	64	2
676	576	2
121	1225	2
16	2025	2
16	2209	2
81	625	2
4	16	2
1	9	2
400	49	2
256	324	2
4	16	2
64	529	2
1225	1369	2
841	784	2
25	25	2
9	9	2
225	100	2
49	441	2
4	256	2
441	169	2
900	256	2
196	484	2
100	784	2
625	400	2
625	25	2
25	529	2
16	9	2
196	900	2
4	2304	2
144	2209	2
1	676	2
100	0	2
9	121	2
36	49	2
361	36	2
1225	256	2
441	289	2
144	49	2
361	196	2
289	784	2
36	100	2
81	100	2
400	100	2
289	36	2
81	49	2
361	81	2
841	196	2
324	256	2
64	121	2
256	64	2
289	361	2
1	1444	2
0	1849	2
169	784	2
121	81	2
25	25	2
1	4	2
324	4	2
100	25	2
25	225	2
9	4	2
256	81	2
25	49	2
0	900	2
289	900	2
676	144	2
81	64	2
16	576	2
576	324	2
676	4	2
16	441	2
9	1024	2
169	529	2
4	25	2
225	121	2
36	49	2
729	196	2
169	676	2
25	784	2
225	900	2
289	625	2
25	576	2
25	900	2
289	289	2
121	100	2
9	225	2
121	36	2
1444	1089	2
961	1849	2
100	1369	2
225	729	2
529	81	2
144	225	2
16	361	2
196	49	2
196	9	2
16	36	2
36	900	2
144	1600	2
169	484	2
0	1	2
36	64	2
576	676	2
256	729	2
1	4	2
64	484	2
289	169	2
9	169	2
4	400	2
289	121	2
729	4	2
169	121	2
196	289	2
784	9	2
225	121	2
81	289	2
0	576	2
484	529	2
121	400	2
64	361	2
9	81	2
361	16	2
49	121	2
9	361	2
196	729	2
676	1369	2
289	1764	2
324	1296	2
784	576	2
361	49	2
16	36	2
169	196	2
900	100	2
361	1	2
9	81	2
64	64	2
81	324	2
121	1444	2
289	2116	2
25	1849	2
144	676	2
4	16	2
1	289	2
484	9	2
676	256	2
169	324	2
361	49	2
841	16	2
225	64	2
16	4	2
400	36	2
676	36	2
64	441	2
16	625	2
324	1	2
225	225	2
25	81	2
16	625	2
256	196	2
225	36	2
4	196	2
36	361	2
625	100	2
225	9	2
0	36	2
169	1	2
484	9	2
81	1	2
25	9	2
361	196	2
400	625	2
4	9	2
4	529	2
784	1156	2
1156	1444	2
256	784	2
196	25	2
484	0	2
121	729	2
9	3721	2
36	3721	2
169	1024	2
25	225	2
144	16	2
25	81	2
169	4	2
4	1024	2
64	2601	2
484	1600	2
289	169	2
36	4	2
289	81	2
784	324	2
169	225	2
1	0	2
196	361	2
400	484	2
16	169	2
1	49	2
169	49	2
169	1	2
16	324	2
1	1089	2
576	1024	2
400	25	2
4	225	2
64	36	2
529	169	2
100	400	2
36	36	2
25	25	2
324	36	2
64	529	2
25	784	2
625	1156	2
1024	1764	2
144	1156	2
81	256	2
729	1	2
576	36	2
25	0	2
64	256	2
289	400	2
0	49	2
225	36	2
9	16	2
400	121	2
49	196	2
4	1	2
121	225	2
256	529	2
64	256	2
196	64	2
576	441	2
324	256	2
81	784	2
400	2809	2
784	2809	2
144	841	2
0	25	2
121	196	2
144	1089	2
16	289	2
16	784	2
289	2601	2
324	3364	2
9	4761	2
4	4225	2
324	1849	2
289	4	2
1	841	2
1	1296	2
196	1024	2
169	361	2
64	121	2
529	400	2
784	1225	2
100	784	2
64	16	2
900	196	2
900	484	2
49	441	2
49	324	2
529	1849	2
81	4225	2
121	1936	2
16	36	2
484	25	2
4	144	2
196	625	2
9	529	2
361	529	2
169	841	2
144	784	2
676	400	2
400	196	2
1	100	2
16	4	2
256	196	2
81	25	2
4	324	2
361	576	2
1156	225	2
484	16	2
196	324	2
529	36	2
441	361	2
0	841	2
64	196	2
9	100	2
36	64	2
16	25	2
0	0	2
289	1369	2
144	3364	2
1	1296	2
256	9	2
1089	121	2
400	2025	2
49	1024	2
324	0	2
324	196	2
1	529	2
4	576	2
361	144	2
289	144	2
4	1764	2
16	2809	2
529	784	2
121	100	2
121	1296	2
0	1764	2
256	961	2
9	196	2
49	81	2
64	25	2
324	400	2
49	3025	2
36	5476	2
484	4096	2
484	1089	2
81	225	2
441	361	2
1936	576	2
1600	961	2
441	1849	2
441	2116	2
625	961	2
81	25	2
9	64	2
1	400	2
1	1225	2
225	625	2
196	36	2
121	9	2
400	400	2
36	1024	2
49	1764	2
529	2209	2
289	2025	2
16	1444	2
196	49	2
441	1296	2
4	2304	2
16	484	2
289	9	2
625	144	2
4	144	2
4	100	2
225	144	2
169	289	2
4	400	2
100	324	2
961	169	2
529	64	2
36	36	2
144	9	2
400	16	2
16	81	2
9	121	2
169	121	2
400	144	2
9	324	2
9	576	2
625	529	2
784	361	2
121	361	2
225	256	2
900	64	2
361	0	2
0	4	2
100	16	2
256	9	2
64	16	2
441	64	2
1	100	2
169	144	2
25	169	2
64	225	2
196	256	2
400	225	2
100	289	2
361	289	2
900	144	2
169	64	2
0	64	2
400	81	2
1369	25	2
225	16	2
0	49	2
169	81	2
169	49	2
25	81	2
1	196	2
784	324	2
400	289	2
49	256	2
4	256	2
841	225	2
400	225	2
9	196	2
196	100	2
576	49	2
36	64	2
1	49	2
256	9	2
484	0	2
9	4	2
25	64	2
1024	64	2
961	49	2
64	169	2
121	400	2
441	441	2
0	361	2
484	289	2
0	225	2
441	144	2
0	25	2
289	0	2
1	4	2
169	4	2
16	25	2
121	196	2
841	225	2
625	256	2
121	289	2
400	256	2
961	196	2
324	196	2
25	324	2
441	400	2
900	225	2
81	121	2
0	144	2
169	169	2
100	64	2
81	25	2
4	36	2
529	49	2
400	64	2
1	81	2
100	100	2
729	81	2
169	100	2
16	196	2
64	324	2
484	324	2
25	256	2
1	225	2
441	100	2
784	9	2
4	49	2
4	100	2
441	36	2
676	25	2
64	81	2
144	196	2
441	196	2
9	100	2
441	100	2
16	169	2
729	144	2
81	169	2
4	196	2
361	121	2
400	64	2
0	81	2
0	121	2
256	64	2
225	64	2
16	100	2
324	121	2
1369	81	2
576	49	2
25	81	2
144	121	2
324	49	2
4	36	2
9	144	2
225	256	2
225	256	2
36	169	2
16	144	2
400	121	2
400	121	2
9	169	2
81	121	0
529	64	0
100	81	0
1	169	0
289	169	0
841	100	0
64	121	0
0	196	0
484	144	0
784	64	0
49	81	0
36	121	0
529	100	0
49	49	0
289	81	0
1	144	0
576	196	0
36	121	0
144	64	0
64	81	0
529	144	0
36	169	0
1	196	0
400	144	0
484	144	0
25	169	0
196	169	0
1681	64	0
1369	36	0
169	100	0
225	169	0
676	100	0
121	49	0
25	121	0
36	169	0
196	196	0
100	225	0
400	196	0
1	100	0
100	100	0
4	144	0
1	144	0
676	121	0
576	121	0
81	144	0
324	100	0
729	36	0
81	49	0
0	121	0
361	144	0
841	49	0
16	9	0
36	36	0
144	64	0
144	81	0
49	169	0
16	324	0
900	289	0
324	121	0
49	64	0
36	81	0
841	100	0
256	144	0
0	121	0
225	100	0
625	121	0
64	256	0
4	324	0
484	225	0
576	144	0
16	225	0
81	225	0
841	49	0
441	16	0
25	81	0
196	196	0
961	100	0
361	49	0
1	49	0
121	81	0
256	64	0
81	100	0
289	169	0
64	196	0
289	256	0
9	289	0
49	256	0
400	121	0
169	100	0
4	169	0
196	169	0
625	49	0
36	16	0
25	64	0
100	64	0
324	16	0
0	9	0
0	81	0
400	196	0
289	196	0
25	144	0
9	169	0
784	144	0
625	144	0
49	196	0
196	196	0
625	196	0
64	225	0
36	196	0
121	100	0
441	64	0
4	81	0
0	144	0
676	144	0
1024	64	0
100	64	0
100	144	0
1024	121	0
729	100	0
49	196	0
144	289	0
441	289	0
25	169	0
625	100	0
1	64	0
256	64	0
25	81	0
225	121	0
64	81	0
289	49	0
25	81	0
81	100	0
676	49	0
441	49	0
121	121	0
625	196	0
1296	144	0
225	121	0
0	169	0
256	169	0
441	36	0
1	9	0
0	64	0
361	169	0
324	144	0
0	121	0
25	144	0
576	169	0
289	121	0
1	121	0
49	100	0
484	64	0
64	100	0
1	256	0
441	225	0
1024	100	0
25	81	0
16	100	0
441	100	0
784	64	0
9	100	0
9	169	0
484	121	0
25	81	0
361	144	0
0	256	0
484	289	0
4	196	0
289	144	0
36	121	0
625	100	0
121	144	0
16	169	0
441	81	0
441	49	0
25	100	0
100	121	0
676	64	0
289	25	0
16	36	0
400	100	0
1369	81	0
441	49	0
9	169	0
169	256	0
256	225	0
1	169	0
9	225	0
289	256	0
289	225	0
25	196	0
49	144	0
225	64	0
289	16	0
64	36	0
529	64	0
1089	36	0
100	81	0
9	169	0
289	144	0
729	64	0
25	100	0
0	196	0
289	289	0
100	169	0
169	100	0
4	100	0
576	81	0
144	36	0
121	81	0
16	144	0
676	144	0
196	144	0
1	169	0
225	121	0
576	121	0
49	169	0
4	225	0
361	144	0
441	121	0
25	169	0
256	169	0
1681	100	0
1225	49	0
144	81	0
256	144	0
729	81	0
169	36	0
9	100	0
16	144	0
49	121	0
196	121	0
400	196	0
16	169	0
196	100	0
1	49	0
25	100	0
625	169	0
441	196	0
49	256	0
324	169	0
900	49	0
64	49	0
16	144	0
196	144	0
676	100	0
25	121	0
1	196	0
225	144	0
100	64	0
121	36	0
0	64	0
784	144	0
529	144	0
36	196	0
169	169	0
625	121	0
64	100	0
25	81	0
81	64	0
324	64	0
16	144	0
9	256	0
900	169	0
1296	64	0
169	81	0
144	121	0
961	64	0
625	16	0
25	49	0
121	169	0
361	169	0
36	100	0
529	81	0
0	81	0
289	121	0
9	144	0
144	169	0
64	169	0
289	144	0
36	169	0
100	169	0
625	144	0
289	121	0
25	100	0
324	64	0
1089	64	0
256	121	0
4	256	0
225	256	0
289	100	0
1	64	0
1	144	0
400	196	0
324	121	0
4	64	0
16	100	0
784	144	0
441	121	0
1	100	0
100	100	0
576	49	0
100	81	0
0	144	0
441	144	0
961	100	0
81	169	0
9	289	0
529	169	0
676	64	0
36	100	0
36	169	0
361	64	0
1	9	0
361	25	0
0	121	0
529	225	0
4	196	0
225	169	0
25	144	0
441	144	0
36	169	0
196	196	0
2209	144	0
1764	100	0
64	169	0
4	196	0
196	100	0
64	81	0
4	169	0
169	225	0
961	100	0
400	25	0
25	64	0
144	121	0
121	49	0
49	49	0
64	144	0
121	256	0
144	225	0
25	144	0
1	121	0
400	100	0
289	144	0
0	169	0
64	121	0
576	64	0
121	64	0
0	121	0
400	100	0
961	64	0
